   20
Platypus   0.000000 0.214885 0.343262 0.308057 0.312092 0.352811 0.314700
 0.361504 0.393424 0.343262 0.391239 0.344027 0.336735 0.298854 0.372954
 0.329525 0.350225 0.362926 0.306735 0.340494
Echidna    0.214885 0.000000 0.320057 0.292349 0.326971 0.375680 0.302784
 0.355843 0.371514 0.337737 0.369297 0.323459 0.328527 0.304099 0.387518
 0.322750 0.309381 0.344649 0.276964 0.317374
Opossum    0.343262 0.320057 0.000000 0.252878 0.245183 0.340246 0.283336
 0.318714 0.355843 0.316035 0.363553 0.306079 0.319063 0.284684 0.334989
 0.298854 0.310707 0.298854 0.298854 0.316035
Wallaby    0.308057 0.292349 0.252878 0.000000 0.234296 0.338863 0.287186
 0.313366 0.312035 0.288473 0.315082 0.310054 0.290074 0.279591 0.357255
 0.288473 0.296245 0.316035 0.288473 0.291055
Bandicoot  0.312092 0.326971 0.245183 0.234296 0.000000 0.317166 0.270414
 0.309418 0.349153 0.259098 0.327417 0.312777 0.312434 0.258009 0.317468
 0.293572 0.294880 0.324243 0.283192 0.296190
Elephant   0.352811 0.375680 0.340246 0.338863 0.317166 0.000000 0.301136
 0.337483 0.315732 0.317073 0.364985 0.350000 0.322462 0.333356 0.368458
 0.321111 0.310392 0.321111 0.325170 0.311723
Aardvark   0.314700 0.302784 0.283336 0.287186 0.270414 0.301136 0.000000
 0.291055 0.298854 0.255695 0.297847 0.266189 0.252266 0.276964 0.324100
 0.279506 0.265629 0.260645 0.247109 0.293646
Tenrec     0.361504 0.355843 0.318714 0.313366 0.309418 0.337483 0.291055
 0.000000 0.357255 0.293646 0.372186 0.348209 0.319063 0.306735 0.336362
 0.308057 0.301472 0.305416 0.298854 0.318714
Sloth      0.393424 0.371514 0.355843 0.312035 0.349153 0.315732 0.298854
 0.357255 0.000000 0.263133 0.319116 0.315387 0.312375 0.313366 0.391943
 0.298854 0.292349 0.330887 0.296245 0.308057
Armadillo  0.343262 0.337737 0.316035 0.288473 0.259098 0.317073 0.255695
 0.293646 0.263133 0.000000 0.303108 0.275013 0.268416 0.254462 0.305416
 0.273167 0.275696 0.271905 0.245891 0.255695
Human      0.391239 0.369297 0.363553 0.315082 0.327417 0.364985 0.297847
 0.372186 0.319116 0.303108 0.000000 0.331350 0.308406 0.305753 0.379457
 0.308406 0.277165 0.311069 0.308406 0.331350
Tree_shrew 0.344027 0.323459 0.306079 0.310054 0.312777 0.350000 0.266189
 0.348209 0.315387 0.275013 0.331350 0.000000 0.299500 0.269958 0.359477
 0.272481 0.285226 0.276282 0.261193 0.312716
Rabbit     0.336735 0.328527 0.319063 0.290074 0.312434 0.322462 0.252266
 0.319063 0.312375 0.268416 0.308406 0.299500 0.000000 0.272193 0.333989
 0.268416 0.253496 0.267161 0.281080 0.286206
Mouse      0.298854 0.304099 0.284684 0.279591 0.258009 0.333356 0.276964
 0.306735 0.313366 0.254462 0.305753 0.269958 0.272193 0.000000 0.312035
 0.254462 0.253232 0.275696 0.243460 0.288473
Hedgehog   0.372954 0.387518 0.334989 0.357255 0.317468 0.368458 0.324100
 0.336362 0.391943 0.305416 0.379457 0.359477 0.333989 0.312035 0.000000
 0.330887 0.330887 0.322750 0.326808 0.364350
Flying_fox 0.329525 0.322750 0.298854 0.288473 0.293572 0.321111 0.279506
 0.308057 0.298854 0.273167 0.308406 0.272481 0.268416 0.254462 0.330887
 0.000000 0.235012 0.268133 0.218398 0.255695
Cat        0.350225 0.309381 0.310707 0.296245 0.294880 0.310392 0.265629
 0.301472 0.292349 0.275696 0.277165 0.285226 0.253496 0.253232 0.330887
 0.235012 0.000000 0.247109 0.237416 0.268133
Dog        0.362926 0.344649 0.298854 0.316035 0.324243 0.321111 0.260645
 0.305416 0.330887 0.271905 0.311069 0.276282 0.267161 0.275696 0.322750
 0.268133 0.247109 0.000000 0.229036 0.273167
Pig        0.306735 0.276964 0.298854 0.288473 0.283192 0.325170 0.247109
 0.298854 0.296245 0.245891 0.308406 0.261193 0.281080 0.243460 0.326808
 0.218398 0.237416 0.229036 0.000000 0.212552
Whale      0.340494 0.317374 0.316035 0.291055 0.296190 0.311723 0.293646
 0.318714 0.308057 0.255695 0.331350 0.312716 0.286206 0.288473 0.364350
 0.255695 0.268133 0.273167 0.212552 0.000000
