   20
Platypus   0.000000 0.217573 0.365927 0.324917 0.331084 0.374543 0.335315
 0.378826 0.418019 0.364144 0.423735 0.366492 0.359596 0.314367 0.399386
 0.350469 0.377364 0.389467 0.326627 0.363399
Echidna    0.217573 0.000000 0.338912 0.307547 0.347330 0.400277 0.321065
 0.372593 0.397916 0.360286 0.396242 0.342709 0.348929 0.318683 0.410683
 0.344103 0.330120 0.364661 0.292367 0.336983
Opossum    0.365927 0.338912 0.000000 0.264264 0.255515 0.362383 0.297280
 0.339426 0.379041 0.335618 0.387417 0.320731 0.339010 0.300348 0.353189
 0.317790 0.330177 0.315824 0.318286 0.338026
Wallaby    0.324917 0.307547 0.264264 0.000000 0.244329 0.361857 0.304165
 0.331067 0.331796 0.309039 0.337235 0.327003 0.307618 0.297406 0.375210
 0.307367 0.316591 0.333510 0.307843 0.309545
Bandicoot  0.331084 0.347330 0.255515 0.244329 0.000000 0.334227 0.284812
 0.328617 0.371049 0.274706 0.351970 0.328465 0.331468 0.270455 0.334169
 0.311656 0.312508 0.344828 0.301008 0.316062
Elephant   0.374543 0.400277 0.362383 0.361857 0.334227 0.000000 0.315545
 0.355523 0.331219 0.335984 0.392158 0.369276 0.336913 0.350810 0.392956
 0.333999 0.325091 0.336616 0.346140 0.330277
Aardvark   0.335315 0.321065 0.297280 0.304165 0.284812 0.315545 0.000000
 0.304149 0.314367 0.266846 0.313012 0.280569 0.263595 0.290831 0.344108
 0.294959 0.277264 0.274455 0.260243 0.311722
Tenrec     0.378826 0.372593 0.339426 0.331067 0.328617 0.355523 0.304149
 0.000000 0.377357 0.308388 0.399196 0.367436 0.335286 0.323578 0.355709
 0.325677 0.317748 0.320995 0.316313 0.337015
Sloth      0.418019 0.397916 0.379041 0.331796 0.371049 0.331219 0.314367
 0.377357 0.000000 0.271752 0.341940 0.333707 0.329063 0.330808 0.418318
 0.312925 0.306145 0.346574 0.310301 0.326186
Armadillo  0.364144 0.360286 0.335618 0.309039 0.274706 0.335984 0.266846
 0.308388 0.271752 0.000000 0.321056 0.288903 0.282603 0.267750 0.322742
 0.286981 0.290635 0.284426 0.256934 0.270001
Human      0.423735 0.396242 0.387417 0.337235 0.351970 0.392158 0.313012
 0.399196 0.341940 0.321056 0.000000 0.353668 0.325176 0.322991 0.399789
 0.329298 0.292707 0.326338 0.328256 0.353956
Tree_shrew 0.366492 0.342709 0.320731 0.327003 0.328465 0.369276 0.280569
 0.367436 0.333707 0.288903 0.353668 0.000000 0.315321 0.283561 0.378120
 0.286549 0.301066 0.288671 0.273841 0.330733
Rabbit     0.359596 0.348929 0.339010 0.307618 0.331468 0.336913 0.263595
 0.335286 0.329063 0.282603 0.325176 0.315321 0.000000 0.286661 0.353063
 0.281133 0.266984 0.281116 0.298401 0.302267
Mouse      0.314367 0.318683 0.300348 0.297406 0.270455 0.350810 0.290831
 0.323578 0.330808 0.267750 0.322991 0.283561 0.286661 0.000000 0.329975
 0.267160 0.266495 0.289981 0.254104 0.303851
Hedgehog   0.399386 0.410683 0.353189 0.375210 0.334169 0.392956 0.344108
 0.355709 0.418318 0.322742 0.399789 0.378120 0.353063 0.329975 0.000000
 0.346028 0.350170 0.340029 0.346864 0.389291
Flying_fox 0.350469 0.344103 0.317790 0.307367 0.311656 0.333999 0.294959
 0.325677 0.312925 0.286981 0.329298 0.286549 0.281133 0.267160 0.346028
 0.000000 0.245546 0.280824 0.228165 0.270202
Cat        0.377364 0.330120 0.330177 0.316591 0.312508 0.325091 0.277264
 0.317748 0.306145 0.290635 0.292707 0.301066 0.266984 0.266495 0.350170
 0.245546 0.000000 0.254484 0.247984 0.279787
Dog        0.389467 0.364661 0.315824 0.333510 0.344828 0.336616 0.274455
 0.320995 0.346574 0.284426 0.326338 0.288671 0.281116 0.289981 0.340029
 0.280824 0.254484 0.000000 0.237953 0.282963
Pig        0.326627 0.292367 0.318286 0.307843 0.301008 0.346140 0.260243
 0.316313 0.310301 0.256934 0.328256 0.273841 0.298401 0.254104 0.346864
 0.228165 0.247984 0.237953 0.000000 0.220361
Whale      0.363399 0.336983 0.338026 0.309545 0.316062 0.330277 0.311722
 0.337015 0.326186 0.270001 0.353956 0.330733 0.302267 0.303851 0.389291
 0.270202 0.279787 0.282963 0.220361 0.000000
