   20
Platypus   0.000000 0.210655 0.341616 0.300062 0.310627 0.348830 0.303615
 0.358144 0.374937 0.334890 0.378795 0.341185 0.328227 0.293655 0.361332
 0.317977 0.337445 0.356911 0.294177 0.329657
Echidna    0.210655 0.000000 0.316089 0.286490 0.322807 0.370101 0.294373
 0.347185 0.358029 0.328399 0.365265 0.320467 0.319613 0.298027 0.372289
 0.312965 0.300968 0.340581 0.269570 0.311026
Opossum    0.341616 0.316089 0.000000 0.238366 0.241884 0.339752 0.282846
 0.319174 0.340753 0.312924 0.352509 0.308581 0.312020 0.277398 0.343945
 0.293592 0.306624 0.298811 0.292914 0.311427
Wallaby    0.300062 0.286490 0.238366 0.000000 0.220888 0.328512 0.281538
 0.303467 0.309464 0.279336 0.313294 0.309146 0.282453 0.266335 0.342790
 0.283156 0.291359 0.312386 0.281278 0.289259
Bandicoot  0.310627 0.322807 0.241884 0.220888 0.000000 0.320274 0.269144
 0.306470 0.342302 0.255997 0.318561 0.316169 0.304828 0.254694 0.319333
 0.287918 0.290440 0.322610 0.278256 0.289860
Elephant   0.348830 0.370101 0.339752 0.328512 0.320274 0.000000 0.298489
 0.328384 0.308295 0.310859 0.349159 0.349095 0.317685 0.333669 0.356105
 0.321453 0.305477 0.315275 0.318750 0.305894
Aardvark   0.303615 0.294373 0.282846 0.281538 0.269144 0.298489 0.000000
 0.281441 0.287745 0.248171 0.290259 0.262539 0.241318 0.271128 0.310372
 0.269476 0.257412 0.250872 0.236161 0.283639
Tenrec     0.358144 0.347185 0.319174 0.303467 0.306470 0.328384 0.281441
 0.000000 0.330203 0.280710 0.349267 0.340960 0.304249 0.299362 0.334119
 0.287626 0.285841 0.295423 0.283249 0.305016
Sloth      0.374937 0.358029 0.340753 0.309464 0.342302 0.308295 0.287745
 0.330203 0.000000 0.259449 0.311260 0.308100 0.301410 0.303565 0.355287
 0.295324 0.286170 0.323302 0.290052 0.302756
Armadillo  0.334890 0.328399 0.312924 0.279336 0.255997 0.310859 0.248171
 0.280710 0.259449 0.000000 0.295596 0.273256 0.257227 0.252092 0.289961
 0.265300 0.266370 0.264231 0.240041 0.251087
Human      0.378795 0.365265 0.352509 0.313294 0.318561 0.349159 0.290259
 0.349267 0.311260 0.295596 0.000000 0.326994 0.298362 0.298438 0.356972
 0.305304 0.272810 0.302623 0.301244 0.327758
Tree_shrew 0.341185 0.320467 0.308581 0.309146 0.316169 0.349095 0.262539
 0.340960 0.308100 0.273256 0.326994 0.000000 0.293244 0.270459 0.349755
 0.268190 0.283167 0.274547 0.257670 0.311593
Rabbit     0.328227 0.319613 0.312020 0.282453 0.304828 0.317685 0.241318
 0.304249 0.301410 0.257227 0.298362 0.293244 0.000000 0.264048 0.314605
 0.259653 0.240240 0.255441 0.267434 0.276630
Mouse      0.293655 0.298027 0.277398 0.266335 0.254694 0.333669 0.271128
 0.299362 0.303565 0.252092 0.298438 0.270459 0.264048 0.000000 0.305114
 0.245751 0.246308 0.270776 0.241548 0.282892
Hedgehog   0.361332 0.372289 0.343945 0.342790 0.319333 0.356105 0.310372
 0.334119 0.355287 0.289961 0.356972 0.349755 0.314605 0.305114 0.000000
 0.312310 0.312820 0.311875 0.308210 0.345661
Flying_fox 0.317977 0.312965 0.293592 0.283156 0.287918 0.321453 0.269476
 0.287626 0.295324 0.265300 0.305304 0.268190 0.259653 0.245751 0.312310
 0.000000 0.225892 0.260044 0.208312 0.249249
Cat        0.337445 0.300968 0.306624 0.291359 0.290440 0.305477 0.257412
 0.285841 0.286170 0.266370 0.272810 0.283167 0.240240 0.246308 0.312820
 0.225892 0.000000 0.244329 0.230034 0.266709
Dog        0.356911 0.340581 0.298811 0.312386 0.322610 0.315275 0.250872
 0.295423 0.323302 0.264231 0.302623 0.274547 0.255441 0.270776 0.311875
 0.260044 0.244329 0.000000 0.223692 0.270277
Pig        0.294177 0.269570 0.292914 0.281278 0.278256 0.318750 0.236161
 0.283249 0.290052 0.240041 0.301244 0.257670 0.267434 0.241548 0.308210
 0.208312 0.230034 0.223692 0.000000 0.208727
Whale      0.329657 0.311026 0.311427 0.289259 0.289860 0.305894 0.283639
 0.305016 0.302756 0.251087 0.327758 0.311593 0.276630 0.282892 0.345661
 0.249249 0.266709 0.270277 0.208727 0.000000
