   20
Platypus   0.000000 0.215816 0.364902 0.323106 0.330010 0.374776 0.334228
 0.375870 0.418769 0.363343 0.422551 0.363625 0.357042 0.314486 0.398158
 0.348596 0.374198 0.386007 0.325492 0.361673
Echidna    0.215816 0.000000 0.338202 0.305069 0.345662 0.399699 0.319848
 0.369228 0.397935 0.358908 0.396035 0.339904 0.345969 0.318199 0.409313
 0.341531 0.327700 0.361915 0.291694 0.335808
Opossum    0.364902 0.338202 0.000000 0.264056 0.256791 0.364540 0.299093
 0.339152 0.381840 0.337583 0.389387 0.321170 0.339044 0.302187 0.355201
 0.318767 0.330978 0.316179 0.319824 0.339456
Wallaby    0.323106 0.305069 0.264056 0.000000 0.244064 0.361928 0.304468
 0.330012 0.333194 0.309051 0.337785 0.325844 0.306372 0.297857 0.375916
 0.306660 0.315423 0.332308 0.308059 0.309419
Bandicoot  0.330010 0.345662 0.256791 0.244064 0.000000 0.336562 0.286352
 0.328119 0.374365 0.276052 0.353551 0.328528 0.331283 0.272336 0.335868
 0.311950 0.312702 0.344510 0.302075 0.316329
Elephant   0.374776 0.399699 0.364540 0.361928 0.336562 0.000000 0.318032
 0.355818 0.334634 0.337620 0.393853 0.369957 0.337800 0.353335 0.395240
 0.335408 0.325831 0.336646 0.348457 0.331624
Aardvark   0.334228 0.319848 0.299093 0.304468 0.286352 0.318032 0.000000
 0.303635 0.316773 0.268037 0.315076 0.280665 0.263752 0.292510 0.345367
 0.295500 0.277512 0.274184 0.261290 0.312745
Tenrec     0.375870 0.369228 0.339152 0.330012 0.328119 0.355818 0.303635
 0.000000 0.377885 0.308056 0.398622 0.365128 0.333707 0.323463 0.355532
 0.323692 0.315794 0.318852 0.315913 0.336306
Sloth      0.418769 0.397935 0.381840 0.333194 0.374365 0.334634 0.316773
 0.377885 0.000000 0.273648 0.344235 0.334558 0.330134 0.333934 0.421136
 0.314232 0.307498 0.347967 0.312729 0.328249
Armadillo  0.363343 0.358908 0.337583 0.309051 0.276052 0.337620 0.268037
 0.308056 0.273648 0.000000 0.322598 0.288955 0.282767 0.269567 0.324051
 0.287291 0.290165 0.283780 0.258061 0.270992
Human      0.422551 0.396035 0.389387 0.337785 0.353551 0.393853 0.315076
 0.398622 0.344235 0.322598 0.000000 0.354065 0.325696 0.325392 0.402415
 0.330538 0.293223 0.326403 0.330300 0.355754
Tree_shrew 0.363625 0.339904 0.321170 0.325844 0.328528 0.369957 0.280665
 0.365128 0.334558 0.288955 0.354065 0.000000 0.313950 0.284228 0.377712
 0.285404 0.300415 0.287055 0.273740 0.330248
Rabbit     0.357042 0.345969 0.339044 0.306372 0.331283 0.337800 0.263752
 0.333707 0.330134 0.282767 0.325696 0.313950 0.000000 0.287204 0.353410
 0.280846 0.265964 0.279811 0.298428 0.302021
Mouse      0.314486 0.318199 0.302187 0.297857 0.272336 0.353335 0.292510
 0.323463 0.333934 0.269567 0.325392 0.284228 0.287204 0.000000 0.332176
 0.267980 0.267162 0.290207 0.256197 0.305205
Hedgehog   0.398158 0.409313 0.355201 0.375916 0.335868 0.395240 0.345367
 0.355532 0.421136 0.324051 0.402415 0.377712 0.353410 0.332176 0.000000
 0.346541 0.350285 0.339806 0.347975 0.390392
Flying_fox 0.348596 0.341531 0.318767 0.306660 0.311950 0.335408 0.295500
 0.323692 0.314232 0.287291 0.330538 0.285404 0.280846 0.267980 0.346541
 0.000000 0.244775 0.279244 0.228304 0.269997
Cat        0.374198 0.327700 0.330978 0.315423 0.312702 0.325831 0.277512
 0.315794 0.307498 0.290165 0.293223 0.300415 0.265964 0.267162 0.350285
 0.244775 0.000000 0.253763 0.248287 0.280038
Dog        0.386007 0.361915 0.316179 0.332308 0.344510 0.336646 0.274184
 0.318852 0.347967 0.283780 0.326403 0.287055 0.279811 0.290207 0.339806
 0.279244 0.253763 0.000000 0.237997 0.282530
Pig        0.325492 0.291694 0.319824 0.308059 0.302075 0.348457 0.261290
 0.315913 0.312729 0.258061 0.330300 0.273740 0.298428 0.256197 0.347975
 0.228304 0.248287 0.237997 0.000000 0.221229
Whale      0.361673 0.335808 0.339456 0.309419 0.316329 0.331624 0.312745
 0.336306 0.328249 0.270992 0.355754 0.330248 0.302021 0.305205 0.390392
 0.269997 0.280038 0.282530 0.221229 0.000000
