   20
Platypus   0.000000 0.206127 0.320350 0.286268 0.292623 0.328527 0.288835
 0.350450 0.376008 0.319010 0.412872 0.310707 0.314015 0.293997 0.360286
 0.319010 0.323037 0.323037 0.271045 0.331156
Echidna    0.206127 0.000000 0.316337 0.288835 0.319116 0.347820 0.286268
 0.344886 0.367391 0.313674 0.375680 0.305416 0.298211 0.295292 0.377454
 0.317672 0.282433 0.332518 0.274822 0.307057
Opossum    0.320350 0.316337 0.000000 0.250437 0.229507 0.331253 0.273561
 0.297891 0.365965 0.315005 0.355631 0.330887 0.307390 0.284684 0.325733
 0.292703 0.295292 0.293997 0.312346 0.323037
Wallaby    0.286268 0.288835 0.250437 0.000000 0.223564 0.328527 0.277351
 0.308376 0.323037 0.276085 0.314393 0.321402 0.280185 0.247301 0.344886
 0.287550 0.283709 0.305741 0.290122 0.287550
Bandicoot  0.292623 0.319116 0.229507 0.223564 0.000000 0.303105 0.264523
 0.311069 0.373635 0.248400 0.339115 0.300134 0.295550 0.249367 0.307078
 0.282283 0.274620 0.305753 0.304429 0.304429
Elephant   0.328527 0.347820 0.331253 0.328527 0.303105 0.000000 0.279804
 0.359072 0.270932 0.309717 0.330618 0.307068 0.281080 0.311045 0.346426
 0.290074 0.281080 0.297869 0.292663 0.287493
Aardvark   0.288835 0.286268 0.273561 0.277351 0.264523 0.279804 0.000000
 0.308376 0.288835 0.241497 0.284245 0.241036 0.238129 0.271045 0.324384
 0.279888 0.239086 0.240291 0.243915 0.283709
Tenrec     0.350450 0.344886 0.297891 0.308376 0.311069 0.359072 0.308376
 0.000000 0.377454 0.288835 0.352811 0.329525 0.315347 0.295292 0.320350
 0.309697 0.293997 0.292703 0.299194 0.308376
Sloth      0.376008 0.367391 0.365965 0.323037 0.373635 0.270932 0.288835
 0.377454 0.000000 0.277351 0.313057 0.312035 0.318019 0.308376 0.392067
 0.321692 0.292703 0.349055 0.296591 0.304427
Armadillo  0.319010 0.313674 0.315005 0.276085 0.248400 0.309717 0.241497
 0.288835 0.277351 0.000000 0.310392 0.266880 0.255162 0.253668 0.300499
 0.268538 0.258592 0.254896 0.236684 0.246342
Human      0.412872 0.375680 0.355631 0.314393 0.339115 0.330618 0.284245
 0.352811 0.313057 0.310392 0.000000 0.314393 0.275305 0.336105 0.367022
 0.307736 0.252794 0.298513 0.329252 0.326529
Tree_shrew 0.310707 0.305416 0.330887 0.321402 0.300134 0.307068 0.241036
 0.329525 0.312035 0.266880 0.314393 0.000000 0.269388 0.264380 0.340494
 0.250777 0.256930 0.270646 0.255695 0.297549
Rabbit     0.314015 0.298211 0.307390 0.280185 0.295550 0.281080 0.238129
 0.315347 0.318019 0.255162 0.275305 0.269388 0.000000 0.242956 0.312685
 0.234529 0.230946 0.238129 0.252705 0.235727
Mouse      0.293997 0.295292 0.284684 0.247301 0.249367 0.311045 0.271045
 0.295292 0.308376 0.253668 0.336105 0.264380 0.242956 0.000000 0.296591
 0.258592 0.242705 0.252442 0.254896 0.283709
Hedgehog   0.360286 0.377454 0.325733 0.344886 0.307078 0.346426 0.324384
 0.320350 0.392067 0.300499 0.367022 0.340494 0.312685 0.296591 0.000000
 0.320350 0.300499 0.319010 0.292703 0.337990
Flying_fox 0.319010 0.317672 0.292703 0.287550 0.282283 0.290074 0.279888
 0.309697 0.321692 0.268538 0.307736 0.250777 0.234529 0.258592 0.320350
 0.000000 0.218903 0.251218 0.234288 0.257358
Cat        0.323037 0.282433 0.295292 0.283709 0.274620 0.281080 0.239086
 0.293997 0.292703 0.258592 0.252794 0.256930 0.230946 0.242705 0.300499
 0.218903 0.000000 0.222426 0.233094 0.236684
Dog        0.323037 0.332518 0.293997 0.305741 0.305753 0.297869 0.240291
 0.292703 0.349055 0.254896 0.298513 0.270646 0.238129 0.252442 0.319010
 0.251218 0.222426 0.000000 0.213069 0.259828
Pig        0.271045 0.274822 0.312346 0.290122 0.304429 0.292663 0.243915
 0.299194 0.296591 0.236684 0.329252 0.255695 0.252705 0.254896 0.292703
 0.234288 0.233094 0.213069 0.000000 0.223604
Whale      0.331156 0.307057 0.323037 0.287550 0.304429 0.287493 0.283709
 0.308376 0.304427 0.246342 0.326529 0.297549 0.235727 0.283709 0.337990
 0.257358 0.236684 0.259828 0.223604 0.000000
